	14
1	!

3	
4	!
5
6 	!
7	!
8	!

11
12

14
15

20
21	!
22	!

25	!
26	!

29

32	!
33	!
34	!

36	!

38
39	！
40
41	！
42	！

44
45
46
47

49

51
52
53
54
55	！
56	！
57	！

61
62
63

66
67
68	！

72

74	！

78	！
79
80
81
82
83

85
86	!

88	!
89	!

92
93
94

96	!
97	!
98	!
99	!
100
101
102	!
103	!
104	
105	!
106
107

109	!
110	!
111	!
112
113
114
115
116
117
118
119
120

122
123
124
125
126
127
128

131
132
133
134

136
137
138
139
140
141

143
144
145

147
148
149
150
151

154
155
156

158
159